151.24
416.39
401.61
316.20
358.61
148.03
77.91
86.97
88.54
330.96
64.69
126.62
180.61
72.36
126.71
78.03
497.73
126.79
262.26
193.82
301.42
82.15
103.80
151.24
416.39
401.61
316.20
358.61
148.03
77.91
86.97
88.54
330.96
64.69
126.62
180.61
72.36
126.71
78.03
497.73
229.75
192.48
218.15
492.24
289.44
356.41
475.65
106.51
174.50
469.28
97.07
73.97
367.57
218.46
263.57
340.28
398.40
135.14
99.06
247.98
300.87
231.37
427.63
128.78
63.44
52.24
121.31
261.63
467.07
217.49
444.32
317.76
93.15
238.05
148.83
191.34
56.18
399.58
234.52
62.51
420.09
97.07
73.97
367.57
218.46
263.57
340.28
398.40
135.14
99.06
247.98
300.87
231.37
427.63
128.78
63.44
52.24
121.31
261.63
467.07
217.49
444.32
317.76
93.15
238.05
148.83
424.94
497.53
157.80
297.77
278.74
435.00
360.34
472.02
413.82
429.12
256.31
224.94
388.37
442.02
354.71
492.28
146.19
233.58
250.44
311.32
471.89
365.43
121.00
179.41
69.44
67.52
309.74
112.58
299.36
107.62
263.01
123.04
330.51
358.75
78.66
439.43
84.82
226.86
140.43
337.34
327.10
233.61
156.04
280.49
277.52
395.12
386.62
144.85
451.45
97.75
188.35
249.88
293.52
447.89
399.23
60.12
150.76
267.04
351.49
268.56
196.11
483.68
227.06
324.57
160.41
54.18
51.56
427.12
480.77
283.47
349.95
169.26
112.93
228.27
191.53
78.96
466.20
92.24
66.75
377.94
171.35
256.96
209.30
175.30
489.20
145.00
112.23
334.08
453.03
464.28
335.96
347.16
463.64
388.89
369.75
83.42
469.54
187.36
135.06
116.45
68.10
418.36
461.18
275.71
55.69
373.01
468.69
314.54
86.19
454.98
66.01
170.26
467.52
251.77
398.11
449.06
485.37
265.84
433.72
302.41
391.69
339.69
439.66
472.35
383.10
226.92
116.36
320.29
171.10
280.55
308.75
217.24
211.32
300.37
110.48
164.30
214.21
403.63
97.65
228.60
203.00
457.24
410.16
273.45
367.83
234.83
444.92
181.48
236.84
339.52
235.50
216.03
395.88
361.22
67.03
189.08
338.77
117.94
363.21
203.88
468.89
211.87
385.29
66.37
351.33
114.53
248.61
162.50
231.72
179.97
93.41
277.81
94.63
471.32
290.83
141.52
79.28
424.11
423.84
309.86
105.05
459.14
355.43
112.56
282.79
498.76
133.34
221.62
450.17
283.08
181.16
464.17
471.28
476.82
290.81
439.48
181.18
253.30
210.20
115.74
285.80
289.21
362.86
374.03
96.48
402.93
143.60
85.13
336.31
419.42
55.15
150.13
352.31
146.78
286.16
206.97
453.41
453.11
330.02
403.37
319.41
387.46
57.52
211.26
440.06
195.38
283.38
158.80
96.58
237.69
308.73
284.31
90.42
81.09
176.39
120.23
54.85
440.47
446.08
396.63
305.93
415.78
329.93
360.93
298.42
480.82
376.35
494.73
50.78
447.37
102.42
419.04
241.03
345.68
300.36
166.62
201.85
181.53
383.88
463.55
408.76
450.92
494.00
102.81
260.39
315.62
101.87
59.05
143.04
116.78
178.54
137.58
105.34
279.19
297.21
170.24
289.92
485.85
94.42
467.53
180.74
331.00
190.08
209.42
274.26
339.90
455.39
156.93
371.97
275.41
369.43
492.75
219.97
384.58
472.07
202.03
188.39
73.28
451.23
333.72
439.94
183.43
346.94
88.84
282.07
85.03
263.66
114.49
181.75
385.10
454.73
291.41
495.20
146.17
229.54
488.57
327.86
50.27
185.27
320.35
90.82
387.83
289.01
499.45
379.22
236.53
186.23
393.62
58.93
192.56
104.70
67.51
243.93
159.06
217.73
164.37
373.45
409.10
236.43
406.94
69.24
238.41
200.61
167.74
310.46
270.09
92.99
256.28
422.60
217.34
101.22
150.88
209.04
398.22
223.98
439.08
157.72
295.87
315.04
455.24
460.54
370.59
134.15
268.48
89.51
158.03
274.98
476.89
282.33
428.84
417.54
306.53
449.51
440.79
107.65
444.81
376.77
134.01
396.13
258.16
209.38
403.40
178.55
303.62
69.35
380.38
109.92
242.11
172.82
67.43
229.49
398.97
332.43
445.08
318.11
293.76
148.44
360.72
374.00
227.15
363.66
312.63
133.39
267.31
428.91
310.55
479.15
172.22
250.23
176.34
123.94
166.94
363.99
344.24
424.52
466.97
313.29
380.65
380.21
149.73
427.75
167.47
241.68
276.32
438.56
231.30
256.02
454.77
342.56
53.56
149.93
364.17
112.49
62.50
306.11
276.28
335.05
89.05
166.78
317.59
445.06
262.88
304.66
110.22
111.85
133.56
433.79
314.14
123.42
74.57
391.85
67.17
155.19
214.68
361.22
431.31
302.62
441.97
358.04
255.96
151.11
290.60
207.34
58.89
252.62
449.68
287.71
455.80
275.45
226.16
270.54
88.16
342.70
401.22
497.57
456.51
375.31
490.34
185.26
313.89
257.52
402.82
166.09
309.42
296.26
145.53
474.99
347.77
251.09
79.06
463.85
293.69
217.84
61.88
78.05
304.55
307.67
209.61
106.98
65.59
422.69
51.86
324.73
334.31
291.03
438.83
168.06
170.39
486.92
333.43
306.27
437.21
225.99
372.46
441.61
209.52
241.96
291.99
189.33
309.16
418.72
238.19
373.92
217.64
470.57
224.37
341.51
429.71
334.77
99.39
128.93
217.18
62.18
160.21
446.45
315.66
216.19
323.67
175.13
230.08
415.29
318.78
199.12
326.57
81.72
270.62
140.22
439.27
87.15
221.85
134.85
470.89
316.59
375.45
493.33
404.64
153.29
345.39
357.68
123.66
70.70
317.76
376.69
400.97
352.33
405.89
446.59
429.59
146.82
477.29
321.52
407.63
403.43
189.04
330.24
477.55
72.52
490.77
245.00
492.53
296.95
391.46
233.59
495.10
312.59
86.73
338.07
145.08
220.72
158.48
162.34
224.32
440.51
287.56
415.95
75.69
447.24
263.28
403.32
102.36
400.82
480.41
166.17
211.49
269.53
285.73
131.76
383.05
405.99
471.37
140.99
330.91
135.77
311.09
328.83
198.03
74.46
99.60
303.83
441.78
445.39
231.82
225.02
468.75
228.67
350.71
251.90
370.43
481.95
197.95
448.04
292.64
84.64
121.01
399.35
391.68
170.37
473.95
65.67
389.98
226.89
447.15
368.36
342.10
258.70
422.62
477.25
309.80
275.29
227.63
397.32
171.36
237.23
499.16
419.31
56.01
62.74
425.67
438.61
499.13
170.12
450.70
213.92
257.56
205.04
104.96
280.15
57.40
127.07
79.44
200.39
68.47
307.08
162.80
88.08
60.55
465.49
489.90
453.73
196.71
361.58
137.24
430.04
458.12
475.68
253.22
455.73
122.69
209.47
127.43
51.01
137.58
214.23
384.10
196.86
281.31
143.35
179.07
136.54
207.15
113.48
188.35
424.94
497.53
157.80
297.77
278.74
435.00
360.34
472.02
413.82
429.12
256.31
224.94
388.37
442.02
354.71
492.28
146.19
233.58
250.44
311.32
471.89
365.43
121.00
179.41
69.44
67.52
309.74
112.58
299.36
107.62
263.01
123.04
330.51
358.75
78.66
439.43
84.82
226.86
140.43
337.34
327.10
233.61
156.04
280.49
277.52
395.12
386.62
144.85
451.45
97.75
404.86
84.24
106.61
225.49
300.27
153.91
306.56
93.22
89.71
162.11
407.32
469.12
87.59
284.82
274.12
431.77
262.10
59.58
427.62
452.42
230.48
68.08
209.38
481.29
156.99
444.67
107.80
390.04
430.52
493.42
222.78
220.52
211.00
356.56
484.86
207.34
309.43
214.40
71.30
261.09
106.17
210.71
377.04
469.74
266.31
437.60
103.49
98.03
78.66
180.87
471.65
88.73
327.29
120.24
299.12
344.75
150.40
498.90
52.27
298.47
251.79
223.08
246.09
52.86
154.20
425.80
64.01
209.41
222.27
328.37
309.33
129.32
385.33
409.53
227.92
407.84
206.48
294.81
309.16
126.31
125.08
358.24
78.28
132.96
244.33
384.14
238.92
91.40
394.29
119.50
408.67
225.21
423.26
156.33
464.34
378.23
307.39
268.92
375.84
302.49
319.11
143.19
309.48
80.43
359.90
74.08
472.03
333.08
491.75
72.08
346.54
263.98
445.01
411.89
89.86
236.80
186.99
124.70
319.67
285.61
307.10
180.42
115.53
258.31
359.40
127.76
494.84
347.60
352.82
58.31
399.18
468.95
92.42
235.13
390.96
151.48
402.70
127.80
63.49
116.23
255.27
473.71
209.37
276.01
378.77
489.46
174.15
352.18
448.38
237.39
491.76
417.04
286.27
159.67
308.32
484.68
151.45
276.27
148.88
439.40
109.90
454.01
469.70
58.22
251.11
390.69
314.78
403.64
357.58
272.43
111.43
282.86
337.26
102.16
444.20
342.73
497.38
64.56
90.33
243.04
319.95
235.71
182.76
226.40
295.41
315.94
438.69
80.08
181.06
310.83
402.51
213.40
175.40
308.44
452.26
54.84
337.44
250.41
57.57
54.30
432.83
320.86
55.46
259.46
254.87
179.91
477.40
220.01
149.10
197.76
167.61
459.63
264.59
301.27
477.49
243.87
363.95
377.67
356.17
111.41
396.55
238.57
429.81
227.25
426.33
333.68
275.68
58.96
56.33
65.12
248.00
321.59
407.06
292.50
253.54
332.10
234.76
383.94
204.68
311.97
68.47
60.05
96.27
275.26
152.20
296.35
110.68
189.85
299.30
144.69
252.30
151.69
151.61
305.52
148.59
465.35
435.14
131.16
130.09
329.36
267.20
214.78
465.64
181.54
297.65
171.14
182.50
117.57
207.98
192.61
343.06
156.18
147.83
318.86
81.23
235.57
307.84
238.92
122.08
188.35
411.52
202.35
267.39
407.38
406.55
149.74
178.72
230.36
447.55
283.90
326.73
338.98
488.36
389.79
352.34
337.59
241.62
225.31
350.90
297.00
267.50
345.10
195.38
171.39
471.34
336.51
308.14
320.29
422.25
440.22
74.11
292.77
100.45
498.08
209.66
358.33
191.97
317.01
112.80
397.15
222.82
61.27
370.27
142.91
113.80
234.72
386.12
102.70
489.07
91.14
274.55
412.03
338.15
363.34
477.34
367.68
211.55
431.23
71.90
467.51
375.00
404.78
231.98
124.28
155.42
380.54
424.94
497.53
157.80
297.77
278.74
435.00
360.34
472.02
413.82
429.12
256.31
224.94
388.37
442.02
354.71
492.28
146.19
233.58
250.44
311.32
471.89
365.43
121.00
179.41
69.44
67.52
309.74
112.58
299.36
107.62
263.01
123.04
330.51
358.75
78.66
439.43
84.82
226.86
140.43
337.34
327.10
233.61
156.04
280.49
277.52
395.12
386.62
144.85
451.45
97.75
404.86
84.24
106.61
225.49
300.27
153.91
306.56
93.22
89.71
162.11
407.32
469.12
87.59
284.82
274.12
431.77
262.10
59.58
427.62
452.42
230.48
68.08
209.38
481.29
156.99
444.67
107.80
390.04
430.52
493.42
222.78
220.52
211.00
356.56
484.86
207.34
309.43
214.40
71.30
261.09
106.17
210.71
377.04
469.74
266.31
437.60
103.49
98.03
78.66
180.87
471.65
88.73
327.29
120.24
299.12
344.75
150.40
498.90
52.27
298.47
251.79
223.08
246.09
52.86
154.20
425.80
64.01
209.41
222.27
328.37
309.33
129.32
385.33
409.53
227.92
407.84
206.48
294.81
309.16
126.31
125.08
358.24
78.28
132.96
244.33
384.14
238.92
91.40
394.29
119.50
408.67
225.21
423.26
156.33
464.34
378.23
307.39
268.92
375.84
302.49
319.11
143.19
309.48
80.43
359.90
74.08
472.03
333.08
491.75
72.08
346.54
263.98
445.01
411.89
89.86
236.80
186.99
124.70
319.67
285.61
307.10
180.42
115.53
258.31
359.40
127.76
494.84
347.60
352.82
58.31
399.18
468.95
92.42
235.13
390.96
151.48
402.70
127.80
63.49
116.23
255.27
473.71
209.37
276.01
378.77
489.46
174.15
352.18
448.38
237.39
491.76
417.04
286.27
159.67
308.32
484.68
151.45
276.27
148.88
439.40
109.90
454.01
469.70
58.22
251.11
390.69
314.78
403.64
357.58
272.43
111.43
282.86
337.26
102.16
444.20
342.73
497.38
64.56
90.33
243.04
319.95
235.71
182.76
226.40
295.41
315.94
438.69
80.08
181.06
310.83
402.51
213.40
175.40
308.44
452.26
54.84
337.44
250.41
57.57
54.30
432.83
320.86
55.46
259.46
254.87
179.91
477.40
220.01
149.10
197.76
167.61
459.63
264.59
301.27
477.49
243.87
363.95
377.67
356.17
111.41
396.55
238.57
429.81
227.25
426.33
333.68
275.68
58.96
56.33
65.12
248.00
321.59
407.06
292.50
253.54
332.10
234.76
383.94
204.68
311.97
68.47
60.05
96.27
275.26
152.20
296.35
110.68
189.85
299.30
144.69
252.30
151.69
151.61
305.52
148.59
465.35
435.14
131.16
130.09
329.36
267.20
214.78
465.64
181.54
297.65
171.14
182.50
117.57
207.98
192.61
343.06
156.18
147.83
318.86
81.23
235.57
307.84
238.92
122.08
188.35
411.52
202.35
267.39
407.38
406.55
149.74
178.72
230.36
447.55
283.90
326.73
338.98
488.36
389.79
352.34
337.59
241.62
225.31
350.90
297.00
267.50
345.10
195.38
171.39
471.34
336.51
308.14
320.29
422.25
440.22
74.11
292.77
100.45
498.08
209.66
358.33
191.97
317.01
112.80
397.15
222.82
61.27
370.27
142.91
113.80
234.72
386.12
102.70
489.07
91.14
274.55
412.03
338.15
363.34
477.34
367.68
211.55
431.23
71.90
467.51
375.00
404.78
231.98
124.28
155.42
380.54
439.43
84.82
226.86
140.43
337.34
327.10
233.61
156.04
280.49
277.52
395.12
386.62
144.85
451.45
97.75
404.86
84.24
106.61
225.49
300.27
153.91
306.56
71.90
467.51
375.00
404.78
231.98
124.28
155.42
380.54
439.43
84.82
226.86
140.43
151.24

416.39

401.61

316.20

358.61

148.03

77.91

86.97

88.54

330.96

64.69

126.62

180.61

72.36

126.71

78.03

497.73

126.79

262.26

193.82

301.42

82.15

103.80

151.24

416.39

401.61

231.98
124.28
155.42
380.54
439.43
84.82
226.86
140.43
151.24

416.39

401.61

316.20

358.61

148.03

77.91

86.97

88.54

330.96

64.69

126.62

180.61

72.36

126.71

78.03

497.73
385.25
181.06
132.42
204.30
162.14
256.10
66.05
227.29
146.91
378.15
125.64
452.64
59.22
61.65
432.11
433.26
327.18
178.48
450.72
104.58
420.23
250.33
416.11
380.07
354.79
309.15
491.66
54.63
278.42
192.23
99.76
67.03
284.24
57.84
80.99
199.31
417.63
304.42
451.68
319.92
461.45
349.12
279.01
207.12
74.41
271.10
382.16
371.38
409.59
51.52
395.96
178.14
356.50
444.56
251.08
457.70
480.69
493.52
230.66
224.90
429.50
311.53
158.96
419.63
480.95
429.45
411.96
368.27
85.96
171.90
363.31
257.58
390.27
258.51
141.41
455.00
373.68
139.44
475.47
153.62
309.08
212.74
298.44
365.68
372.39
136.72
55.05
285.86
477.93
292.31
181.57
444.72
470.66
168.45
181.97
422.50
77.74
388.98
121.95
396.22
107.31
270.75
298.54
296.02
381.48
50.85
267.63
402.10
103.96
95.52
476.33
70.16
390.01
154.49
349.88
231.64
478.09
452.32
475.29
324.76
197.76
312.62
405.10
323.67
488.34
242.04
125.01
196.30
446.18
358.14
288.54
385.45
126.27
329.66
270.49
74.29
285.55
407.91
428.31
164.70
131.36
365.49
487.29
66.13
427.98
422.04
81.01
413.66
418.56
327.12
233.41
405.76
437.42
287.11
262.39
376.72
70.07
216.52
317.92
193.68
214.28
213.93
189.44
395.43
355.63
459.44
328.49
418.68
445.57
453.47
482.24
337.52
208.07
266.64
373.01
223.75
53.27
346.40
386.98
418.63
243.47
329.03
302.32
241.65
486.59
434.97
243.59
298.47
477.54
131.32
494.30
387.55
266.07
227.74
284.23
95.17
402.57
81.21
291.40
309.14
200.10
70.55
461.17
324.26
301.68
313.69
196.69
456.86
206.74
389.71
265.32
131.38
89.68
292.55
95.74
499.35
286.47
235.49
308.90
499.98
182.19
293.66
284.15
471.95
303.81
316.93
358.51
328.11
457.38
117.09
493.29
258.32
98.36
81.16
317.16
380.62
237.03
387.60
318.91
318.01
208.21
103.11
416.38
85.83
76.22
215.68
70.18
385.06
451.29
463.95
142.15
157.96
413.34
403.55
268.97
175.34
472.64
308.99
480.60
289.53
344.69
343.31
391.75
402.93
178.10
288.50
232.32
169.80
350.55
266.84
259.00
268.06
337.42
247.08
206.25
498.59
311.75
369.36
389.48
292.02
152.37
390.16
416.86
326.61
468.74
141.37
449.41
136.50
397.73
318.12
270.73
216.44
487.19
455.98
438.63
57.77
155.81
331.72
141.22
130.53
457.11
271.22
368.94
358.23
477.38
74.32
142.23
415.15
114.54
169.37
151.80
60.67
64.60
489.43
124.81
411.81
337.71
317.92
175.38
192.76
133.93
334.35
82.74
139.95
281.83
349.18
463.26
82.13
179.58
203.18
265.63
257.57
279.35
218.16
469.75
374.72
220.33
125.09
410.73
118.50
494.92
310.78
329.11
51.42
475.53
316.07
317.10
157.97
286.71
86.96
438.70
480.91
327.96
375.14
498.25
100.21
188.57
55.68
418.24
408.80
344.30
428.13
411.86
344.76
439.58
291.50
400.31
95.75
436.12
185.08
427.75
50.27
450.27
64.84
69.18
79.78
406.89
89.36
307.71
397.24
107.43
120.26
428.18
400.52
243.02
299.51
133.36
473.74
331.60
250.09
337.67
385.47
319.52
107.00
280.58
340.52
414.05
222.83
228.80
111.15
453.12
55.80
301.80
294.37
122.50
88.45
310.13
264.12
448.59
142.05
289.58
311.29
277.42
495.14
497.31
389.72
396.00
184.65
307.84
163.39
113.03
164.56
407.91
128.72
439.67
470.09
339.13
365.86
199.84
385.23
126.53
54.47
301.63
437.38
159.33
173.15
467.99
396.04
307.38
185.84
305.30
481.32
463.15
205.61
83.14
494.53
294.34
213.59
357.10
365.01
376.81
300.66
189.13
116.92
250.83
190.46
206.88
444.86
106.33
394.89
294.21
299.61
354.35
97.52
369.80
324.01
482.68
206.02
340.09
244.02
123.18
412.09
55.43
462.31
277.44
346.22
355.59
319.52
154.93
64.96
262.01
233.93
374.95
410.67
59.06
101.39
119.56
436.90
56.27
435.61
149.79
497.88
436.42
403.52
461.52
307.46
272.01
361.71
310.54
130.62
434.08
377.71
78.62
81.00
172.73
374.07
483.63
358.98
468.40
214.41
357.27
427.72
186.55
307.75
173.18
89.48
266.08
291.73
406.75
389.97
83.71
365.76
145.75
296.74
262.10
332.38
397.06
116.41
79.81
468.78
50.85
186.44
144.62
440.72
318.08
449.34
310.26
438.06
351.07
91.34
398.40
154.26
489.70
252.72
83.84
352.42
97.82
344.05
211.27
306.91
365.31
131.34
236.08
82.56
201.36
333.03
70.09
463.38
383.65
153.50
315.33
268.60
356.26
260.97
385.75
96.93
486.32
452.73
446.96
369.13
395.93
136.64
198.75
94.91
280.85
196.02
283.96
322.61
312.34
94.55
129.74
389.30
91.68
418.79
164.14
324.34
489.52
398.52
351.76
421.69
454.02
139.43
257.13
85.02
212.06
498.33
223.36
264.87
417.90
478.40
346.68
399.02
272.18
220.82
484.52
335.57
92.25
119.76
306.12
63.30
311.49
439.36
479.39
445.34
371.55
215.26
87.71
200.23
96.20
228.17
82.89
399.29
99.81
493.62
408.70
250.21
86.66
220.45
370.15
414.68
489.21
400.31
479.68
162.33
375.20
401.73
330.79
193.84
173.47
305.49
483.26
473.94
328.03
482.35
92.09
98.70
388.16
180.21
423.52
182.42
480.20
305.65
78.00
336.31
282.94
453.71
129.29
75.03
244.47
110.68
493.08
477.50
283.00
426.95
356.73
395.01
407.83
130.89
233.22
393.29
479.76
80.00
99.31
285.02
151.88
472.86
287.40
205.99
493.00
423.65
175.48
260.90
495.54
81.39
157.21
114.75
159.48
357.71
327.34
81.88
71.36
459.91
233.39
167.42
65.33
261.45
125.57
245.37
308.96
127.74
231.21
163.45
152.14
153.64
138.73
147.19
311.87
108.06
98.84
434.88
139.09
172.55
387.44
460.64
76.24
353.07
475.55
314.84
216.07
438.52
416.43
300.08
212.62
425.29
339.03
215.88
125.12
174.35
479.99
97.52
394.55
316.44
393.42
302.45
260.06
121.14
298.77
82.89
219.87
97.81
162.53
104.82
426.73
249.81
58.50
121.39
433.60
358.61
264.85
383.82
118.76
181.05
333.62
473.70
323.39
101.29
309.63
118.61
226.13
388.80
431.34
457.40
261.22
125.11
65.90
51.97
356.51
124.98
164.06
200.44
477.49
242.11
418.50
490.19
461.77
265.73
270.78
439.91
316.07
381.78
288.05
67.24
274.40
491.80
420.42
381.96
81.58
453.40
204.02
495.08
71.45
128.23
142.59
51.24
52.34
247.61
382.71
384.85
95.67
381.18
493.81
170.66
345.31
320.98
174.34
485.98
126.30
421.95
329.71
374.66
481.56
420.09
456.06
52.75
354.49
130.89
66.14
272.05
313.33
214.23
310.13
160.35
330.53
376.57
274.82
336.57
486.53
467.80
138.97
205.13
62.98
367.66
121.45
165.97
274.54
196.79
81.47
485.97
261.99
277.88
316.81
313.07
182.20
315.44
257.14
476.40
181.61
356.73
63.85
54.55
180.95
92.18
477.51
59.56
178.65
451.00
96.30
225.67
298.78
296.31
326.48
310.60
467.85
375.03
166.78
112.02
51.18
479.26
173.81
73.39
265.76
329.72
154.98
451.30
61.72
447.03
198.66
441.45
278.25
233.00
128.77
411.21
333.35
342.60
462.30
114.84
348.96
87.06
204.00
371.60
93.99
169.81
231.82
267.81
398.71
469.97
260.65
401.80
202.76
152.75
269.06
324.10
298.09
101.84
136.25
186.42
215.23
286.93
211.54
349.67
278.20
148.30
129.17
415.38
318.97
251.36
384.67
234.72
446.94
286.46
407.60
366.64
463.06
62.78
396.94
349.68
340.69
471.02
282.09
472.23
367.53
166.21
482.37
372.28
453.74
400.79
212.11
321.18
161.51
218.10
417.03
295.14
150.45
498.21
79.76
214.85
161.25
431.09
398.81
86.05
427.45
227.20
426.09
103.32
211.41
461.78
292.24
435.51
305.71
486.94
408.01
193.30
476.09
385.58
52.59
388.58
495.00
281.73
296.27
431.24
277.91
314.89
206.09
370.51
185.54
479.87
247.65
227.20
246.53
279.73
475.41
328.43
384.19
136.35
246.74
347.88
100.08
302.20
152.18
373.54
325.14
217.50
375.31
469.64
245.64
258.63
330.98
170.80
147.49
427.41
76.24
353.07
475.55
314.84
216.07
438.52
416.43
300.08
212.62
425.29
339.03
215.88
125.12
174.35
479.99
97.52
394.55
316.44
393.42
302.45